99	131	1	16	0	0	0	32	
139	165	8	198	0	32	
198	131	1	16	0	0	0	32	
219	325	0	9	0	
220	3A5	255	255	255	0	7	0	
238	165	8	198	0	32	
259	365	255	255	255	255	0	
299	131	1	16	0	0	0	32	
338	165	8	198	0	32	
349	3E5	0	0	0	0	0	0	
363	1E5	63	54	66	63	72	0	3	
399	131	1	16	0	0	0	32	
439	165	8	198	0	32	
499	131	1	16	0	0	0	32	
539	165	8	198	0	32	
599	131	1	16	0	0	0	32	
638	165	8	198	0	32	
699	131	1	16	0	0	0	32	
718	325	0	9	0	
719	3A5	255	255	255	0	7	0	
739	165	8	198	0	32	
759	365	255	255	255	255	0	
799	131	1	16	0	0	0	32	
800	2E5	0	0	0	0	
839	165	8	198	0	32	
849	3E5	0	0	0	0	0	0	
859	1E5	63	54	66	63	72	0	3	
899	131	1	16	0	0	0	32	
939	165	8	198	0	32	
999	131	1	16	0	0	0	32	
1039	165	8	198	0	32	
1099	131	1	16	0	0	0	32	
1139	165	8	198	0	32	
1184	325	0	137	0	
1199	165	72	198	0	32	
1200	131	1	16	0	0	0	32	
1219	325	0	139	0	
1220	3A5	255	255	255	0	7	0	
1230	165	200	198	32	32	
1259	365	255	255	255	255	0	
1299	131	1	16	0	0	0	32	
1330	165	200	198	32	32	
1349	3E5	0	0	0	0	0	0	
1359	1E5	63	54	66	63	72	0	3	
1399	131	1	16	0	0	0	32	
1430	165	200	198	32	32	
1500	131	1	16	0	0	0	32	
1529	165	200	198	32	32	
1600	131	1	16	0	0	0	32	
1630	165	200	198	32	32	
1699	131	1	16	0	0	0	32	
1719	325	0	139	0	
1720	3A5	255	255	255	0	7	0	
1729	165	200	198	32	32	
1760	365	255	255	255	255	0	
1800	131	1	16	0	0	0	32	
1801	2E5	0	0	0	0	
1830	165	200	198	32	32	
1850	3E5	0	0	0	0	0	0	
1860	1E5	63	54	66	63	72	0	3	
1900	131	1	16	0	0	0	32	
1930	165	200	198	32	32	
1999	131	1	16	0	0	0	32	
2030	165	200	198	32	32	
2100	131	1	16	0	0	0	32	
2129	165	200	198	32	32	
2200	131	1	16	0	0	0	32	
2220	325	0	139	0	
2221	3A5	255	255	255	0	7	0	
2230	165	200	198	32	32	
2259	365	255	255	255	255	0	
2300	131	1	16	0	0	0	32	
2330	165	200	198	32	32	
2351	3E5	0	0	0	0	0	0	
2360	1E5	63	54	66	63	72	0	3	
2400	131	1	16	0	0	0	32	
2429	165	200	198	32	32	
2500	131	1	16	0	0	0	32	
2530	165	200	198	32	32	
2600	131	1	16	0	0	0	32	
2630	165	200	198	32	32	
2701	131	1	16	0	0	0	32	
2720	325	0	139	0	
2721	3A5	255	255	255	0	7	0	
2729	165	200	198	32	32	
2760	365	255	255	255	255	0	
2800	131	1	16	0	0	0	32	
2801	2E5	0	0	0	0	
2830	165	200	198	32	32	
2850	3E5	0	0	0	0	0	0	
2861	1E5	63	54	66	63	72	0	3	
2900	131	1	16	0	0	0	32	
2930	165	200	198	32	32	
3001	131	1	16	0	0	0	32	
3031	165	200	198	32	32	
3101	131	1	16	0	0	0	32	
3130	165	200	198	32	32	
3201	131	1	16	0	0	0	32	
3220	325	0	139	0	
3221	3A5	255	255	255	0	7	0	
3230	165	200	198	32	32	
3261	365	255	255	255	255	0	
3301	131	1	16	0	0	0	32	
3331	165	200	198	32	32	
3351	3E5	0	0	0	0	0	0	
3360	1E5	63	54	66	63	72	0	3	
3401	131	1	16	0	0	0	32	
3430	165	200	198	32	32	
3501	131	1	16	0	0	0	32	
3530	165	200	198	32	32	
3601	131	1	16	0	0	0	32	
3631	165	200	198	32	32	
3701	131	1	16	0	0	0	32	
3721	325	0	139	0	
3722	3A5	255	255	255	0	7	0	
3731	165	200	198	32	32	
3761	365	255	255	255	255	0	
3802	131	1	16	0	0	0	32	
3803	2E5	0	0	0	0	
3830	165	200	198	32	32	
3852	3E5	0	0	0	0	0	0	
3861	1E5	63	54	66	63	72	0	3	
3902	131	1	16	0	0	0	32	
3931	165	200	198	32	32	
4001	131	1	16	0	0	0	32	
4031	165	200	198	32	32	
4102	131	1	16	0	0	0	32	
4130	165	200	198	32	32	
4202	131	1	16	0	0	0	32	
4221	325	0	139	0	
4221	3A5	255	255	255	0	7	0	
4231	165	200	198	32	32	
4261	365	255	255	255	255	0	
4301	131	1	16	0	0	0	32	
4331	165	200	198	32	32	
4352	3E5	0	0	0	0	0	0	
4362	1E5	63	54	66	63	72	0	3	
4402	131	1	16	0	0	0	32	
4418	325	0	11	0	
4419	A4	4	0	0	0	1	
4431	165	200	198	32	32	
4501	131	1	16	0	0	0	32	
4531	165	200	198	32	32	
4601	131	1	16	0	0	0	32	
4631	165	200	198	32	32	
4702	131	1	16	0	0	0	32	
4722	3A5	255	255	255	0	7	0	
4731	165	200	198	32	32	
4762	365	255	255	255	255	0	
4801	131	1	16	0	0	0	32	
4803	2E5	0	0	0	0	
4831	165	200	198	32	32	
4852	3E5	0	0	0	0	0	0	
4862	1E5	63	54	66	63	72	0	3	
4901	131	1	16	0	0	0	32	
4913	325	0	11	0	
4931	165	200	198	32	32	
5002	131	1	16	0	0	0	32	
5031	165	200	198	32	32	
5102	131	1	16	0	0	0	32	
5132	165	200	198	32	32	
5201	131	1	16	0	0	0	32	
5222	3A5	255	255	255	0	7	0	
5231	165	200	198	32	32	
5263	365	255	255	255	255	0	
5302	131	1	16	0	0	0	32	
5331	165	200	198	32	32	
5353	3E5	0	0	0	0	0	0	
5363	1E5	63	54	66	63	72	0	3	
5402	131	1	16	0	0	0	32	
5413	325	0	11	0	
5432	165	200	198	32	32	
5501	131	1	16	0	0	0	32	
5532	165	200	198	32	32	
5602	131	1	16	0	0	0	32	
5632	165	200	198	32	32	
5702	131	1	16	0	0	0	32	
5723	3A5	255	255	255	0	7	0	
5732	165	200	198	32	32	
5762	365	255	255	255	255	0	
5803	131	1	16	0	0	0	32	
5804	2E5	0	0	0	0	
5832	165	200	198	32	32	
5852	3E5	0	0	0	0	0	0	
5862	1E5	63	54	66	63	72	0	3	
5903	131	1	16	0	0	0	32	
5913	325	0	11	0	
5932	165	200	198	32	32	
6002	131	1	16	0	0	0	32	
6032	165	200	198	32	32	
6068	3A5	1	255	255	0	7	0	
6103	131	1	16	0	0	0	32	
6104	365	10	255	255	255	0	
6132	165	200	198	32	32	
6142	365	10	255	255	1	0	
6152	A4	16	44	32	0	136	1	48	49	
6202	131	1	16	0	0	0	32	
6233	165	200	198	32	32	
6302	131	1	16	0	0	0	32	
6332	165	200	198	32	32	
6352	3E5	0	0	0	0	0	0	
6363	1E5	63	54	66	63	72	0	3	
6403	A4	16	44	32	0	136	1	48	49	
6404	131	1	16	0	0	0	32	
6405	9F	48	0	10	
6414	325	0	11	0	
6415	A4	33	46	77	80	51	0	0	0	
6426	A4	34	0	0	0	0	0	0	0	
6432	165	200	198	32	32	
6436	A4	35	0	0	0	0	0	0	0	
6448	A4	36	0	0	0	0	0	0	0	
6459	A4	37	0	0	0	0	0	0	0	
6469	A4	38	0	0	0	
6502	131	1	16	0	0	0	32	
6533	165	200	198	32	32	
6562	3A5	1	255	255	0	7	0	
6602	131	1	16	0	0	0	32	
6632	165	200	198	32	32	
6642	365	10	255	255	1	0	
6703	131	1	16	0	0	0	32	
6732	165	200	198	32	32	
6803	131	1	16	0	0	0	32	
6804	2E5	0	0	0	0	
6833	165	200	198	32	32	
6853	3E5	0	0	0	0	0	0	
6862	1E5	63	54	66	63	72	0	3	
6902	131	1	16	0	0	0	32	
6914	325	0	11	0	
6933	165	200	198	32	32	
7003	131	1	16	0	0	0	32	
7032	165	200	198	32	32	
7063	3A5	1	255	255	0	7	0	
7103	131	1	16	0	0	0	32	
7133	165	200	198	32	32	
7143	365	10	255	255	1	0	
7203	131	1	16	0	0	0	32	
7233	165	200	198	32	32	
7303	131	1	16	0	0	0	32	
7332	165	200	198	32	32	
7353	3E5	0	0	0	0	0	0	
7363	1E5	63	54	66	63	72	0	3	
7403	131	1	16	0	0	0	32	
7414	325	0	11	0	
7433	165	200	198	32	32	
7503	131	1	16	0	0	0	32	
7533	165	200	198	32	32	
7563	3A5	1	255	255	0	8	0	
7603	131	1	16	0	0	0	32	
7633	165	200	198	32	32	
7643	365	10	255	255	1	0	
7703	131	1	16	0	0	0	32	
7733	165	200	198	32	32	
7803	131	1	16	0	0	0	32	
7804	2E5	0	0	0	0	
7833	165	200	198	32	32	
7854	3E5	0	0	0	0	0	0	
7863	1E5	63	54	66	63	72	0	3	
7903	131	1	16	0	0	0	32	
7914	325	0	11	0	
7933	165	200	198	32	32	
8003	131	1	16	0	0	0	32	
8033	165	200	198	32	32	
8064	3A5	1	255	255	0	8	0	
8103	131	1	16	0	0	0	32	
8133	165	200	198	32	32	
8143	365	10	255	255	1	0	
8204	131	1	16	0	0	0	32	
8233	165	200	198	32	32	
8303	131	1	16	0	0	0	32	
8334	165	200	198	32	32	
8353	3E5	0	0	0	0	0	0	
8364	1E5	63	54	66	63	72	0	3	
8403	131	1	16	0	0	0	32	
8414	325	0	11	0	
8433	165	200	198	32	32	
8504	131	1	16	0	0	0	32	
8534	165	200	198	32	32	
8563	3A5	1	255	255	0	9	0	
8604	131	1	16	0	0	0	32	
8634	165	200	198	32	32	
8644	365	10	255	255	1	0	
8704	131	1	16	0	0	0	32	
8733	165	200	198	32	32	
8804	131	1	16	0	0	0	32	
8805	2E5	0	0	0	0	
8834	165	200	198	32	32	
8854	3E5	0	0	0	0	0	0	
8864	1E5	63	54	66	63	72	0	3	
8904	131	1	16	0	0	0	32	
8915	325	0	11	0	
8934	165	200	198	32	32	
9004	131	1	16	0	0	0	32	
9034	165	200	198	32	32	
9064	3A5	1	255	255	0	9	0	
9104	131	1	16	0	0	0	32	
9134	165	200	198	32	32	
9144	365	10	255	255	1	0	
9204	131	1	16	0	0	0	32	
9234	165	200	198	32	32	
9305	131	1	16	0	0	0	32	
9334	165	200	198	32	32	
9354	3E5	0	0	0	0	0	0	
9364	1E5	63	54	66	63	72	0	3	
9404	131	1	16	0	0	0	32	
9415	325	0	11	0	
9434	165	200	198	32	32	
9504	131	1	16	0	0	0	32	
9534	165	200	198	32	32	
9565	3A5	1	255	255	0	10	0	
9605	131	1	16	0	0	0	32	
9630	A4	4	0	0	0	2	
9632	3A5	1	255	255	255	127	0	
9634	165	200	198	32	32	
9645	365	10	255	255	1	0	
9664	3A5	2	255	255	255	127	128	
9704	131	1	16	0	0	0	32	
9735	165	200	198	32	32	
9804	131	1	16	0	0	0	32	
9805	2E5	0	0	0	0	
9834	165	200	198	32	32	
9854	3E5	0	0	0	0	0	0	
9865	1E5	63	54	66	63	72	0	3	
9905	131	1	16	0	0	0	32	
9915	325	0	11	0	
9934	165	200	198	32	32	
10005	131	1	16	0	0	0	32	
10035	165	200	198	32	32	
10104	131	1	16	0	0	0	32	
10134	165	200	198	32	32	
10144	365	10	255	255	1	0	
10165	3A5	2	255	255	255	127	128	
10205	131	1	16	0	0	0	32	
10234	165	200	198	32	32	
10305	131	1	16	0	0	0	32	
10335	165	200	198	32	32	
10355	3E5	0	0	0	0	0	0	
10364	1E5	63	54	66	63	72	0	3	
10404	131	1	16	0	0	0	32	
10416	325	0	11	0	
10435	165	200	198	32	32	
10505	131	1	16	0	0	0	32	
10534	165	200	198	32	32	
10605	131	1	16	0	0	0	32	
10635	165	200	198	32	32	
10645	365	10	255	255	1	0	
10664	3A5	2	255	255	255	127	128	
10705	131	1	16	0	0	0	32	
10735	165	200	198	32	32	
10805	131	1	16	0	0	0	32	
10806	2E5	0	0	0	0	
10834	165	200	198	32	32	
10855	3E5	0	0	0	0	0	0	
10865	1E5	63	54	66	63	72	0	3	
10905	131	1	16	0	0	0	32	
10915	325	0	11	0	
10935	165	200	198	32	32	
11005	131	1	16	0	0	0	32	
11035	165	200	198	32	32	
11105	131	1	16	0	0	0	32	
11136	165	200	198	32	32	
11145	365	10	255	255	1	0	
11165	3A5	2	255	255	0	128	128	
11205	131	1	16	0	0	0	32	
11235	165	200	198	32	32	
11305	131	1	16	0	0	0	32	
11335	165	200	198	32	32	
11356	3E5	0	0	0	0	0	0	
11365	1E5	63	54	66	63	72	0	3	
11406	131	1	16	0	0	0	32	
11416	325	0	11	0	
11436	165	200	198	32	32	
11505	131	1	16	0	0	0	32	
11535	165	200	198	32	32	
11606	131	1	16	0	0	0	32	
11635	165	200	198	32	32	
11645	365	10	255	255	1	0	
11666	3A5	2	255	255	0	128	128	
11706	131	1	16	0	0	0	32	
11736	165	200	198	32	32	
11805	131	1	16	0	0	0	32	
11807	2E5	0	0	0	0	
11836	165	200	198	32	32	
11855	3E5	0	0	0	0	0	0	
11866	1E5	63	54	66	63	72	0	3	
11906	131	1	16	0	0	0	32	
11917	325	0	11	0	
11935	165	200	198	32	32	
12006	131	1	16	0	0	0	32	
12036	165	200	198	32	32	
12106	131	1	16	0	0	0	32	
12136	165	200	198	32	32	
12146	365	10	255	255	1	0	
12166	3A5	2	255	255	0	128	128	
12206	131	1	16	0	0	0	32	
12235	165	200	198	32	32	
12306	131	1	16	0	0	0	32	
12336	165	200	198	32	32	
12356	3E5	0	0	0	0	0	0	
12366	1E5	63	54	66	63	72	0	3	
12406	131	1	16	0	0	0	32	
12419	325	0	11	0	
12436	165	200	198	32	32	
12507	131	1	16	0	0	0	32	
12536	165	200	198	32	32	
12606	131	1	16	0	0	0	32	
12636	165	200	198	32	32	
12646	365	10	255	255	1	0	
12666	3A5	2	255	255	0	1	128	
12706	131	1	16	0	0	0	32	
12731	A4	16	44	32	0	136	2	48	50	
12732	9F	48	0	10	
12736	165	200	198	32	32	
12742	A4	33	46	77	80	51	0	0	0	
12753	A4	34	0	0	0	0	0	0	0	
12765	A4	35	0	0	0	0	0	0	0	
12775	A4	36	0	0	0	0	0	0	0	
12786	A4	37	0	0	0	0	0	0	0	
12797	A4	38	0	0	0	
12807	131	1	16	0	0	0	32	
12808	2E5	0	0	0	0	
12836	165	200	198	32	32	
12856	3E5	0	0	0	0	0	0	
12866	1E5	63	54	66	63	72	0	3	
12906	131	1	16	0	0	0	32	
12917	325	0	11	0	
12936	165	200	198	32	32	
13006	131	1	16	0	0	0	32	
13036	165	200	198	32	32	
13107	131	1	16	0	0	0	32	
13136	165	200	198	32	32	
13147	365	10	255	255	1	0	
13166	3A5	2	255	255	0	2	128	
13207	131	1	16	0	0	0	32	
13237	165	200	198	32	32	
13307	131	1	16	0	0	0	32	
13336	165	200	198	32	32	
13357	3E5	0	0	0	0	0	0	
13367	1E5	63	54	66	63	72	0	3	
13407	131	1	16	0	0	0	32	
13418	325	0	11	0	
13436	165	200	198	32	32	
13507	131	1	16	0	0	0	32	
13537	165	200	198	32	32	
13606	131	1	16	0	0	0	32	
13636	165	200	198	32	32	
13646	365	10	255	255	1	0	
13667	3A5	2	255	255	0	2	128	
13708	131	1	16	0	0	0	32	
13737	165	200	198	32	32	
13807	131	1	16	0	0	0	32	
13809	2E5	0	0	0	0	
13837	165	200	198	32	32	
13857	3E5	0	0	0	0	0	0	
13867	1E5	63	54	66	63	72	0	3	
13906	131	1	16	0	0	0	32	
13918	325	0	11	0	
13937	165	200	198	32	32	
14008	131	1	16	0	0	0	32	
14036	165	200	198	32	32	
14107	131	1	16	0	0	0	32	
14137	165	200	198	32	32	
14147	365	10	255	255	1	0	
14167	3A5	2	255	255	0	3	0	
14208	131	1	16	0	0	0	32	
14237	165	200	198	32	32	
14308	131	1	16	0	0	0	32	
14337	165	200	198	32	32	
14357	3E5	0	0	0	0	0	0	
14367	1E5	63	54	66	63	72	0	3	
14407	131	1	16	0	0	0	32	
14417	325	0	11	0	
14437	165	200	198	32	32	
14509	131	1	16	0	0	0	32	
14537	165	200	198	32	32	
14607	131	1	16	0	0	0	32	
14638	165	200	198	32	32	
14648	365	10	255	255	1	0	
14667	3A5	2	255	255	0	3	0	
14708	131	1	16	0	0	0	32	
14737	165	200	198	32	32	
14809	131	1	16	0	0	0	32	
14810	2E5	0	0	0	0	
14837	165	200	198	32	32	
14858	3E5	0	0	0	0	0	0	
14868	1E5	63	54	66	63	72	0	3	
14908	131	1	16	0	0	0	32	
14919	325	0	11	0	
14938	165	200	198	32	32	
14990	A4	4	0	0	0	3	
14992	3A5	2	255	255	255	127	0	
15007	131	1	16	0	0	0	32	
15028	3A5	3	255	255	255	127	128	
15037	165	200	198	32	32	
15108	131	1	16	0	0	0	32	
15137	165	200	198	32	32	
15148	365	10	255	255	1	0	
15209	131	1	16	0	0	0	32	
15238	165	200	198	32	32	
15308	131	1	16	0	0	0	32	
15338	165	200	198	32	32	
15357	3E5	0	0	0	0	0	0	
15368	1E5	63	54	66	63	72	0	3	
15408	131	1	16	0	0	0	32	
15418	325	0	11	0	
15437	165	200	198	32	32	
15508	131	1	16	0	0	0	32	
15527	3A5	3	255	255	255	127	128	
15538	165	200	198	32	32	
15608	131	1	16	0	0	0	32	
15638	165	200	198	32	32	
15648	365	10	255	255	1	0	
15708	131	1	16	0	0	0	32	
15737	165	200	198	32	32	
15808	131	1	16	0	0	0	32	
15810	2E5	0	0	0	0	
15838	165	200	198	32	32	
15858	3E5	0	0	0	0	0	0	
15868	1E5	63	54	66	63	72	0	3	
15908	131	1	16	0	0	0	32	
15920	325	0	11	0	
15938	165	200	198	32	32	
16009	131	1	16	0	0	0	32	
16028	3A5	3	255	255	0	128	128	
16038	165	200	198	32	32	
16108	131	1	16	0	0	0	32	
16138	165	200	198	32	32	
16149	365	10	255	255	1	0	
16208	131	1	16	0	0	0	32	
16238	165	200	198	32	32	
16309	131	1	16	0	0	0	32	
16338	165	200	198	32	32	
16359	3E5	0	0	0	0	0	0	
16368	1E5	63	54	66	63	72	0	3	
16409	131	1	16	0	0	0	32	
16419	325	0	11	0	
16438	165	200	198	32	32	
16508	131	1	16	0	0	0	32	
16529	3A5	3	255	255	0	128	128	
16538	165	200	198	32	32	
16609	131	1	16	0	0	0	32	
16638	165	200	198	32	32	
16649	365	10	255	255	1	0	
16709	131	1	16	0	0	0	32	
16739	165	200	198	32	32	
16809	131	1	16	0	0	0	32	
16811	2E5	0	0	0	0	
16838	165	200	198	32	32	
16860	3E5	0	0	0	0	0	0	
16869	1E5	63	54	66	63	72	0	3	
16909	131	1	16	0	0	0	32	
16920	325	0	11	0	
16939	165	200	198	32	32	
17009	131	1	16	0	0	0	32	
17029	3A5	3	255	255	0	128	128	
17039	165	200	198	32	32	
17083	A4	16	44	32	0	136	3	32	32	
17085	9F	48	0	10	
17095	A4	33	32	32	32	32	32	32	32	
17105	A4	34	32	32	32	32	32	32	32	
17110	131	1	16	0	0	0	32	
17117	A4	35	32	32	32	32	0	0	0	
17128	A4	36	0	0	0	0	0	0	0	
17139	A4	37	0	0	0	0	0	0	0	
17140	165	200	198	32	32	
17149	365	10	255	255	1	0	
17150	A4	38	0	0	0	
17210	131	1	16	0	0	0	32	
17239	165	200	198	32	32	
17309	131	1	16	0	0	0	32	
17339	165	200	198	32	32	
17359	3E5	0	0	0	0	0	0	
17370	1E5	63	54	66	63	72	0	3	
17410	131	1	16	0	0	0	32	
17420	325	0	11	0	
17439	165	200	198	32	32	
17510	131	1	16	0	0	0	32	
17529	3A5	3	255	255	0	1	128	
17539	165	200	198	32	32	
17610	131	1	16	0	0	0	32	
17639	165	200	198	32	32	
17650	365	10	255	255	1	0	
17710	131	1	16	0	0	0	32	
17739	165	200	198	32	32	
17810	131	1	16	0	0	0	32	
17813	2E5	0	0	0	0	
17839	165	200	198	32	32	
17860	3E5	0	0	0	0	0	0	
17870	1E5	63	54	66	63	72	0	3	
17909	131	1	16	0	0	0	32	
17922	325	0	11	0	
17939	165	200	198	32	32	
18010	131	1	16	0	0	0	32	
18029	3A5	3	255	255	0	1	128	
18039	165	200	198	32	32	
18109	131	1	16	0	0	0	32	
18140	165	200	198	32	32	
18149	365	10	255	255	1	0	
18209	131	1	16	0	0	0	32	
18239	165	200	198	32	32	
18310	131	1	16	0	0	0	32	
18339	165	200	198	32	32	
18360	3E5	0	0	0	0	0	0	
18370	1E5	63	54	66	63	72	0	3	
18411	131	1	16	0	0	0	32	
18421	325	0	11	0	
18440	165	200	198	32	32	
18510	131	1	16	0	0	0	32	
18530	3A5	3	255	255	0	2	128	
18539	165	200	198	32	32	
18611	131	1	16	0	0	0	32	
18639	165	200	198	32	32	
18650	365	10	255	255	1	0	
18711	131	1	16	0	0	0	32	
18740	165	200	198	32	32	
18810	131	1	16	0	0	0	32	
18814	2E5	0	0	0	0	
18840	165	200	198	32	32	
18860	3E5	0	0	0	0	0	0	
18870	1E5	63	54	66	63	72	0	3	
18910	131	1	16	0	0	0	32	
18921	325	0	11	0	
18939	165	200	198	32	32	
19010	131	1	16	0	0	0	32	
19030	3A5	3	255	255	0	2	128	
19040	165	200	198	32	32	
19110	131	1	16	0	0	0	32	
19140	165	200	198	32	32	
19150	365	10	255	255	1	0	
19212	131	1	16	0	0	0	32	
19239	165	200	198	32	32	
19310	131	1	16	0	0	0	32	
19340	165	200	198	32	32	
19360	3E5	0	0	0	0	0	0	
19371	1E5	63	54	66	63	72	0	3	
19410	131	1	16	0	0	0	32	
19422	325	0	11	0	
19440	165	200	198	32	32	
19510	131	1	16	0	0	0	32	
19530	3A5	3	255	255	0	3	0	
19540	165	200	198	32	32	
19610	131	1	16	0	0	0	32	
19640	165	200	198	32	32	
19650	365	10	255	255	1	0	
19710	131	1	16	0	0	0	32	
19740	165	200	198	32	32	
19812	131	1	16	0	0	0	32	
19814	2E5	0	0	0	0	
19841	165	200	198	32	32	
19860	3E5	0	0	0	0	0	0	
19870	1E5	63	54	66	63	72	0	3	
19910	131	1	16	0	0	0	32	
19921	325	0	11	0	
19940	165	200	198	32	32	
20011	131	1	16	0	0	0	32	
20031	3A5	3	255	255	0	3	0	
20040	165	200	198	32	32	
20111	131	1	16	0	0	0	32	
20141	165	200	198	32	32	
20151	365	10	255	255	1	0	
20210	131	1	16	0	0	0	32	
20241	165	200	198	32	32	
20311	131	1	16	0	0	0	32	
20340	165	200	198	32	32	
20361	3E5	0	0	0	0	0	0	
20371	1E5	63	54	66	63	72	0	3	
20411	131	1	16	0	0	0	32	
20421	325	0	11	0	
20441	165	200	198	32	32	
20511	131	1	16	0	0	0	32	
20531	3A5	3	255	255	0	4	0	
20541	165	200	198	32	32	
20611	131	1	16	0	0	0	32	
20640	165	200	198	32	32	
20651	365	10	255	255	1	0	
20711	131	1	16	0	0	0	32	
20741	165	200	198	32	32	
20811	131	1	16	0	0	0	32	
20812	2E5	0	0	0	0	
20841	165	200	198	32	32	
20861	3E5	0	0	0	0	0	0	
20871	1E5	63	54	66	63	72	0	3	
20911	131	1	16	0	0	0	32	
20922	325	0	11	0	
20941	165	200	198	32	32	
21011	131	1	16	0	0	0	32	
21031	3A5	3	255	255	0	4	0	
21041	165	200	198	32	32	
21111	131	1	16	0	0	0	32	
21141	165	200	198	32	32	
21151	365	10	255	255	1	0	
21153	A4	4	0	0	0	4	
21154	3A5	3	255	255	255	127	0	
21191	3A5	4	255	255	255	127	128	
21212	131	1	16	0	0	0	32	
21241	165	200	198	32	32	
21311	131	1	16	0	0	0	32	
21341	165	200	198	32	32	
21361	3E5	0	0	0	0	0	0	
21371	1E5	63	54	66	63	72	0	3	
21411	131	1	16	0	0	0	32	
21422	325	0	11	0	
21441	165	200	198	32	32	
21512	131	1	16	0	0	0	32	
21541	165	200	198	32	32	
21611	131	1	16	0	0	0	32	
21642	165	200	198	32	32	
21651	365	10	255	255	1	0	
21692	3A5	4	255	255	255	127	128	
21711	131	1	16	0	0	0	32	
21741	165	200	198	32	32	
21812	131	1	16	0	0	0	32	
21813	2E5	0	0	0	0	
21841	165	200	198	32	32	
21862	3E5	0	0	0	0	0	0	
21872	1E5	63	54	66	63	72	0	3	
21912	131	1	16	0	0	0	32	
21922	325	0	11	0	
21942	165	200	198	32	32	
22011	131	1	16	0	0	0	32	
22041	165	200	198	32	32	
22112	131	1	16	0	0	0	32	
22141	165	200	198	32	32	
22152	365	10	255	255	1	0	
22192	3A5	4	255	255	255	127	128	
22212	131	1	16	0	0	0	32	
22242	165	200	198	32	32	
22311	131	1	16	0	0	0	32	
22342	165	200	198	32	32	
22362	3E5	0	0	0	0	0	0	
22372	1E5	63	54	66	63	72	0	3	
22412	131	1	16	0	0	0	32	
22422	325	0	11	0	
22441	165	200	198	32	32	
22512	131	1	16	0	0	0	32	
22542	165	200	198	32	32	
22612	131	1	16	0	0	0	32	
22642	165	200	198	32	32	
22652	365	10	255	255	1	0	
22692	3A5	4	255	255	0	128	128	
22712	131	1	16	0	0	0	32	
22742	165	200	198	32	32	
22812	131	1	16	0	0	0	32	
22813	2E5	0	0	0	0	
22842	165	200	198	32	32	
22862	3E5	0	0	0	0	0	0	
22873	1E5	63	54	66	63	72	0	3	
22913	131	1	16	0	0	0	32	
22923	325	0	11	0	
22942	165	200	198	32	32	
23012	131	1	16	0	0	0	32	
23043	165	200	198	32	32	
23112	131	1	16	0	0	0	32	
23142	165	200	198	32	32	
23152	365	10	255	255	1	0	
23192	3A5	4	255	255	0	128	128	
23213	131	1	16	0	0	0	32	
23242	165	200	198	32	32	
23313	131	1	16	0	0	0	32	
23343	165	200	198	32	32	
23362	3E5	0	0	0	0	0	0	
23372	1E5	63	54	66	63	72	0	3	
23412	131	1	16	0	0	0	32	
23424	325	0	11	0	
23442	165	200	198	32	32	
23513	131	1	16	0	0	0	32	
23542	165	200	198	32	32	
23613	131	1	16	0	0	0	32	
23643	165	200	198	32	32	
23653	365	10	255	255	1	0	
23693	3A5	4	255	255	0	128	128	
23712	131	1	16	0	0	0	32	
23743	165	200	198	32	32	
23813	131	1	16	0	0	0	32	
23814	2E5	0	0	0	0	
23842	165	200	198	32	32	
23863	3E5	0	0	0	0	0	0	
23873	1E5	63	54	66	63	72	0	3	
23913	131	1	16	0	0	0	32	
23923	325	0	11	0	
23943	165	200	198	32	32	
24013	131	1	16	0	0	0	32	
24043	165	200	198	32	32	
24113	131	1	16	0	0	0	32	
24142	165	200	198	32	32	
24153	365	10	255	255	1	0	
24193	3A5	4	255	255	0	1	128	
24213	131	1	16	0	0	0	32	
24243	165	200	198	32	32	
24252	A4	16	44	32	0	152	4	65	65	
24254	9F	48	0	10	
24264	A4	33	65	65	65	65	65	65	65	
24275	A4	34	65	65	65	65	65	65	65	
24286	A4	35	65	65	65	65	66	66	66	
24297	A4	36	66	66	66	66	66	66	66	
24308	A4	37	66	66	66	66	66	66	66	
24313	131	1	16	0	0	0	32	
24318	A4	38	66	66	66	
24343	165	200	198	32	32	
24364	3E5	0	0	0	0	0	0	
24374	1E5	63	54	66	63	72	0	3	
24413	131	1	16	0	0	0	32	
24424	325	0	11	0	
24443	165	200	198	32	32	
24513	131	1	16	0	0	0	32	
24543	165	200	198	32	32	
24613	131	1	16	0	0	0	32	
24643	165	200	198	32	32	
24653	365	10	255	255	1	0	
24693	3A5	4	255	255	0	2	128	
24714	131	1	16	0	0	0	32	
24743	165	200	198	32	32	
24813	131	1	16	0	0	0	32	
24814	2E5	0	0	0	0	
24843	165	200	198	32	32	
24863	3E5	0	0	0	0	0	0	
24873	1E5	63	54	66	63	72	0	3	
24913	131	1	16	0	0	0	32	
24924	325	0	11	0	
24943	165	200	198	32	32	
25014	131	1	16	0	0	0	32	
25043	165	200	198	32	32	
25113	131	1	16	0	0	0	32	
25144	165	200	198	32	32	
25153	365	10	255	255	1	0	
25194	3A5	4	255	255	0	2	128	
25213	131	1	16	0	0	0	32	
25243	165	200	198	32	32	
25314	131	1	16	0	0	0	32	
25344	165	200	198	32	32	
25364	3E5	0	0	0	0	0	0	
25374	1E5	63	54	66	63	72	0	3	
25414	131	1	16	0	0	0	32	
25424	325	0	11	0	
25444	165	200	198	32	32	
25513	131	1	16	0	0	0	32	
25543	165	200	198	32	32	
25614	131	1	16	0	0	0	32	
25644	165	200	198	32	32	
25654	365	10	255	255	1	0	
25695	3A5	4	255	255	0	3	0	
25714	131	1	16	0	0	0	32	
25744	165	200	198	32	32	
25814	131	1	16	0	0	0	32	
25816	2E5	0	0	0	0	
25844	165	200	198	32	32	
25864	3E5	0	0	0	0	0	0	
25875	1E5	63	54	66	63	72	0	3	
25914	131	1	16	0	0	0	32	
25924	325	0	11	0	
25944	165	200	198	32	32	
26014	131	1	16	0	0	0	32	
26044	165	200	198	32	32	
26115	131	1	16	0	0	0	32	
26144	165	200	198	32	32	
26155	365	10	255	255	1	0	
26195	3A5	4	255	255	0	3	0	
26214	131	1	16	0	0	0	32	
26244	165	200	198	32	32	
26314	131	1	16	0	0	0	32	
26344	165	200	198	32	32	
26364	3E5	0	0	0	0	0	0	
26375	1E5	63	54	66	63	72	0	3	
26415	131	1	16	0	0	0	32	
26425	325	0	11	0	
26445	165	200	198	32	32	
26514	131	1	16	0	0	0	32	
26545	165	200	198	32	32	
26614	131	1	16	0	0	0	32	
26644	165	200	198	32	32	
26654	365	10	255	255	1	0	
26695	3A5	4	255	255	0	4	0	
26715	131	1	16	0	0	0	32	
26744	165	200	198	32	32	
26815	131	1	16	0	0	0	32	
26816	2E5	0	0	0	0	
26845	165	200	198	32	32	
26865	3E5	0	0	0	0	0	0	
26874	1E5	63	54	66	63	72	0	3	
26914	131	1	16	0	0	0	32	
26927	325	0	11	0	
26944	165	200	198	32	32	
27015	131	1	16	0	0	0	32	
27045	165	200	198	32	32	
27115	131	1	16	0	0	0	32	
27145	165	200	198	32	32	
27155	365	10	255	255	1	0	
27196	3A5	4	255	255	0	4	0	
27214	131	1	16	0	0	0	32	
27245	165	200	198	32	32	
27315	131	1	16	0	0	0	32	
27344	165	200	198	32	32	
27365	3E5	0	0	0	0	0	0	
27375	1E5	63	54	66	63	72	0	3	
27415	131	1	16	0	0	0	32	
27425	325	0	11	0	
27445	165	200	198	32	32	
27515	131	1	16	0	0	0	32	
27545	165	200	198	32	32	
27615	131	1	16	0	0	0	32	
27644	165	200	198	32	32	
27655	365	10	255	255	1	0	
27695	3A5	4	255	255	0	5	0	
27715	131	1	16	0	0	0	32	
27745	165	200	198	32	32	
27815	131	1	16	0	0	0	32	
27816	2E5	0	0	0	0	
27845	165	200	198	32	32	
27866	3E5	0	0	0	0	0	0	
27875	1E5	63	54	66	63	72	0	3	
27915	131	1	16	0	0	0	32	
27927	325	0	11	0	
27945	165	200	198	32	32	
28015	131	1	16	0	0	0	32	
28045	165	200	198	32	32	
28115	131	1	16	0	0	0	32	
28145	165	200	198	32	32	
28155	365	10	255	255	1	0	
28195	3A5	4	255	255	0	5	0	
28216	131	1	16	0	0	0	32	
28246	165	200	198	32	32	
28315	131	1	16	0	0	0	32	
28345	165	200	198	32	32	
28365	3E5	0	0	0	0	0	0	
28376	1E5	63	54	66	63	72	0	3	
28416	131	1	16	0	0	0	32	
28426	325	0	11	0	
28445	165	200	198	32	32	
28516	131	1	16	0	0	0	32	
28546	165	200	198	32	32	
28616	131	1	16	0	0	0	32	
28646	165	200	198	32	32	
28655	365	10	255	255	1	0	
28696	3A5	4	255	255	0	6	0	
28716	131	1	16	0	0	0	32	
28746	165	200	198	32	32	
28816	131	1	16	0	0	0	32	
28817	2E5	0	0	0	0	
28846	165	200	198	32	32	
28866	3E5	0	0	0	0	0	0	
28876	1E5	63	54	66	63	72	0	3	
28916	131	1	16	0	0	0	32	
28928	325	0	11	0	
28946	165	200	198	32	32	
29017	131	1	16	0	0	0	32	
29046	165	200	198	32	32	
29116	131	1	16	0	0	0	32	
29147	165	200	198	32	32	
29156	365	10	255	255	1	0	
29197	3A5	4	255	255	0	6	0	
29216	131	1	16	0	0	0	32	
29246	165	200	198	32	32	
29316	131	1	16	0	0	0	32	
29346	165	200	198	32	32	
29367	3E5	0	0	0	0	0	0	
29377	1E5	63	54	66	63	72	0	3	
29417	131	1	16	0	0	0	32	
29427	325	0	11	0	
29447	165	200	198	32	32	
29516	131	1	16	0	0	0	32	
29547	165	200	198	32	32	
29617	131	1	16	0	0	0	32	
29646	165	200	198	32	32	
29657	365	10	255	255	1	0	
29697	3A5	4	255	255	0	7	0	
29716	131	1	16	0	0	0	32	
29747	165	200	198	32	32	
29817	131	1	16	0	0	0	32	
29818	2E5	0	0	0	0	
29847	165	200	198	32	32	
29868	3E5	0	0	0	0	0	0	
29878	1E5	63	54	66	63	72	0	3	
29917	131	1	16	0	0	0	32	
29929	325	0	11	0	
29947	165	200	198	32	32	
30017	131	1	16	0	0	0	32	
30047	165	200	198	32	32	
30116	131	1	16	0	0	0	32	
30147	165	200	198	32	32	
30156	365	10	255	255	1	0	
30196	3A5	4	255	255	0	7	0	
30218	131	1	16	0	0	0	32	
30247	165	200	198	32	32	
30317	131	1	16	0	0	0	32	
30348	165	200	198	32	32	
30366	3E5	0	0	0	0	0	0	
30376	1E5	63	54	66	63	72	0	3	
30389	A4	4	0	0	0	5	
30390	3A5	4	255	255	255	127	0	
30417	131	1	16	0	0	0	32	
30428	325	0	11	0	
30429	3A5	5	255	255	255	127	128	
30446	165	200	198	32	32	
30517	131	1	16	0	0	0	32	
30546	165	200	198	32	32	
30617	131	1	16	0	0	0	32	
30647	165	200	198	32	32	
30657	365	10	255	255	1	0	
30716	131	1	16	0	0	0	32	
30747	165	200	198	32	32	
30817	131	1	16	0	0	0	32	
30819	2E5	0	0	0	0	
30846	165	200	198	32	32	
30867	3E5	0	0	0	0	0	0	
30877	1E5	63	54	66	63	72	0	3	
30917	131	1	16	0	0	0	32	
30928	325	0	11	0	
30930	3A5	5	255	255	255	127	128	
30947	165	200	198	32	32	
31017	131	1	16	0	0	0	32	
31047	165	200	198	32	32	
31117	131	1	16	0	0	0	32	
31147	165	200	198	32	32	
31157	365	10	255	255	1	0	
31217	131	1	16	0	0	0	32	
31247	165	200	198	32	32	
31318	131	1	16	0	0	0	32	
31347	165	200	198	32	32	
31368	3E5	0	0	0	0	0	0	
31377	1E5	63	54	66	63	72	0	3	
31417	131	1	16	0	0	0	32	
31429	325	0	11	0	
31429	3A5	5	255	255	0	128	128	
31448	165	200	198	32	32	
31517	131	1	16	0	0	0	32	
31547	165	200	198	32	32	
31618	131	1	16	0	0	0	32	
31647	165	200	198	32	32	
31657	365	10	255	255	1	0	
31718	131	1	16	0	0	0	32	
31748	165	200	198	32	32	
31817	131	1	16	0	0	0	32	
31819	2E5	0	0	0	0	
31847	165	200	198	32	32	
31867	3E5	0	0	0	0	0	0	
31878	1E5	63	54	66	63	72	0	3	
31918	131	1	16	0	0	0	32	
31929	325	0	11	0	
31931	3A5	5	255	255	0	128	128	
31946	A4	16	44	32	0	152	5	65	65	
31948	165	200	198	32	32	
31949	9F	48	0	10	
31960	A4	33	65	65	65	65	65	65	65	
31971	A4	34	65	65	65	65	65	65	65	
31982	A4	35	65	65	65	65	51	52	46	
31992	A4	36	77	80	51	0	0	0	0	
32005	A4	37	0	0	0	0	0	0	0	
32015	A4	38	0	0	0	
32018	131	1	16	0	0	0	32	
32048	165	200	198	32	32	
32117	131	1	16	0	0	0	32	
32148	165	200	198	32	32	
32157	365	10	255	255	1	0	
32218	131	1	16	0	0	0	32	
32247	165	200	198	32	32	
32318	131	1	16	0	0	0	32	
32348	165	200	198	32	32	
32368	3E5	0	0	0	0	0	0	
32378	1E5	63	54	66	63	72	0	3	
32418	131	1	16	0	0	0	32	
32429	325	0	11	0	
32431	3A5	5	255	255	0	128	128	
32448	165	200	198	32	32	
32518	131	1	16	0	0	0	32	
32547	165	200	198	32	32	
32618	131	1	16	0	0	0	32	
32648	165	200	198	32	32	
32658	365	10	255	255	1	0	
32718	131	1	16	0	0	0	32	
32748	165	200	198	32	32	
32818	131	1	16	0	0	0	32	
32820	2E5	0	0	0	0	
32848	165	200	198	32	32	
32868	3E5	0	0	0	0	0	0	
32878	1E5	63	54	66	63	72	0	3	
32918	131	1	16	0	0	0	32	
32928	325	0	11	0	
32930	3A5	5	255	255	0	1	128	
32948	165	200	198	32	32	
33018	131	1	16	0	0	0	32	
33048	165	200	198	32	32	
33119	131	1	16	0	0	0	32	
33148	165	200	198	32	32	
33159	365	10	255	255	1	0	
33218	131	1	16	0	0	0	32	
33248	165	200	198	32	32	
33318	131	1	16	0	0	0	32	
33348	165	200	198	32	32	
33369	3E5	0	0	0	0	0	0	
33379	1E5	63	54	66	63	72	0	3	
33419	131	1	16	0	0	0	32	
33429	325	0	11	0	
33431	3A5	5	255	255	0	1	128	
33448	165	200	198	32	32	
33518	131	1	16	0	0	0	32	
33549	165	200	198	32	32	
33618	131	1	16	0	0	0	32	
33648	165	200	198	32	32	
33658	365	10	255	255	1	0	
33719	131	1	16	0	0	0	32	
33748	165	200	198	32	32	
33819	131	1	16	0	0	0	32	
33820	2E5	0	0	0	0	
33849	165	200	198	32	32	
33868	3E5	0	0	0	0	0	0	
33879	1E5	63	54	66	63	72	0	3	
33918	131	1	16	0	0	0	32	
33930	325	0	11	0	
33931	3A5	5	255	255	0	2	128	
33948	165	200	198	32	32	
34019	131	1	16	0	0	0	32	
34049	165	200	198	32	32	
34119	131	1	16	0	0	0	32	
34149	165	200	198	32	32	
34159	365	10	255	255	1	0	
34219	131	1	16	0	0	0	32	
34249	165	200	198	32	32	
34319	131	1	16	0	0	0	32	
34349	165	200	198	32	32	
34369	3E5	0	0	0	0	0	0	
34379	1E5	63	54	66	63	72	0	3	
34419	131	1	16	0	0	0	32	
34429	325	0	11	0	
34430	3A5	5	255	255	0	2	128	
34449	165	200	198	32	32	
34520	131	1	16	0	0	0	32	
34549	165	200	198	32	32	
34619	131	1	16	0	0	0	32	
34649	165	200	198	32	32	
34659	365	10	255	255	1	0	
34719	131	1	16	0	0	0	32	
34749	165	200	198	32	32	
34820	131	1	16	0	0	0	32	
34821	2E5	0	0	0	0	
34849	165	200	198	32	32	
34870	3E5	0	0	0	0	0	0	
34879	1E5	63	54	66	63	72	0	3	
34919	131	1	16	0	0	0	32	
34930	325	0	11	0	
34931	3A5	5	255	255	0	3	0	
34950	165	200	198	32	32	
35019	131	1	16	0	0	0	32	
35049	165	200	198	32	32	
35120	131	1	16	0	0	0	32	
35149	165	200	198	32	32	
35160	365	10	255	255	1	0	
35220	131	1	16	0	0	0	32	
35250	165	200	198	32	32	
35319	131	1	16	0	0	0	32	
35349	165	200	198	32	32	
35369	3E5	0	0	0	0	0	0	
35380	1E5	63	54	66	63	72	0	3	
35420	131	1	16	0	0	0	32	
35430	325	0	11	0	
35431	3A5	5	255	255	0	3	0	
35449	165	200	198	32	32	
35520	131	1	16	0	0	0	32	
35550	165	200	198	32	32	
35619	131	1	16	0	0	0	32	
35650	165	200	198	32	32	
35659	365	10	255	255	1	0	
35720	131	1	16	0	0	0	32	
35749	165	200	198	32	32	
35820	131	1	16	0	0	0	32	
35821	2E5	0	0	0	0	
35850	165	200	198	32	32	
35870	3E5	0	0	0	0	0	0	
35880	1E5	63	54	66	63	72	0	3	
35920	131	1	16	0	0	0	32	
35931	325	0	11	0	
35932	3A5	5	255	255	0	4	0	
35950	165	200	198	32	32	
36020	131	1	16	0	0	0	32	
36049	165	200	198	32	32	
36120	131	1	16	0	0	0	32	
36150	165	200	198	32	32	
36160	365	10	255	255	1	0	
36220	131	1	16	0	0	0	32	
36250	165	200	198	32	32	
36320	131	1	16	0	0	0	32	
36350	165	200	198	32	32	
36370	3E5	0	0	0	0	0	0	
36381	1E5	63	54	66	63	72	0	3	
36420	131	1	16	0	0	0	32	
36431	325	0	11	0	
36431	3A5	5	255	255	0	4	0	
36450	165	200	198	32	32	
36520	131	1	16	0	0	0	32	
36550	165	200	198	32	32	
36621	131	1	16	0	0	0	32	
36651	165	200	198	32	32	
36661	365	10	255	255	1	0	
36720	131	1	16	0	0	0	32	
36750	165	200	198	32	32	
36820	131	1	16	0	0	0	32	
36822	2E5	0	0	0	0	
36850	165	200	198	32	32	
36871	3E5	0	0	0	0	0	0	
36881	1E5	63	54	66	63	72	0	3	
36921	131	1	16	0	0	0	32	
36931	325	0	11	0	
36932	3A5	5	255	255	0	5	0	
36951	165	200	198	32	32	
37020	131	1	16	0	0	0	32	
37051	165	200	198	32	32	
37121	131	1	16	0	0	0	32	
37150	165	200	198	32	32	
37160	365	10	255	255	1	0	
37221	131	1	16	0	0	0	32	
37251	165	200	198	32	32	
37321	131	1	16	0	0	0	32	
37351	165	200	198	32	32	
37371	3E5	0	0	0	0	0	0	
37381	1E5	63	54	66	63	72	0	3	
37421	131	1	16	0	0	0	32	
37432	325	0	11	0	
37433	3A5	5	255	255	0	5	0	
37450	165	200	198	32	32	
37521	131	1	16	0	0	0	32	
37551	165	200	198	32	32	
37621	131	1	16	0	0	0	32	
37651	165	200	198	32	32	
37661	365	10	255	255	1	0	
37721	131	1	16	0	0	0	32	
37751	165	200	198	32	32	
37821	131	1	16	0	0	0	32	
37822	2E5	0	0	0	0	
37851	165	200	198	32	32	
37871	3E5	0	0	0	0	0	0	
37882	1E5	63	54	66	63	72	0	3	
37921	131	1	16	0	0	0	32	
37932	325	0	11	0	
37934	3A5	5	255	255	0	6	0	
37951	165	200	198	32	32	
38012	A4	4	0	0	0	6	
38014	3A5	5	255	255	255	127	0	
38022	131	1	16	0	0	0	32	
38051	3A5	6	255	255	255	127	128	
38052	165	200	198	32	32	
38121	131	1	16	0	0	0	32	
38151	165	200	198	32	32	
38161	365	10	255	255	1	0	
38221	131	1	16	0	0	0	32	
38251	165	200	198	32	32	
38322	131	1	16	0	0	0	32	
38351	165	200	198	32	32	
38372	3E5	0	0	0	0	0	0	
38382	1E5	63	54	66	63	72	0	3	
38421	131	1	16	0	0	0	32	
38433	325	0	11	0	
38452	165	200	198	32	32	
38521	131	1	16	0	0	0	32	
38552	3A5	6	255	255	255	127	128	
38553	165	200	198	32	32	
38622	131	1	16	0	0	0	32	
38651	165	200	198	32	32	
38662	365	10	255	255	1	0	
38722	131	1	16	0	0	0	32	
38752	165	200	198	32	32	
38821	131	1	16	0	0	0	32	
38823	2E5	0	0	0	0	
38851	165	200	198	32	32	
38872	3E5	0	0	0	0	0	0	
38882	1E5	63	54	66	63	72	0	3	
38922	131	1	16	0	0	0	32	
38933	325	0	11	0	
38951	165	200	198	32	32	
39022	131	1	16	0	0	0	32	
39052	3A5	6	255	255	0	128	128	
39054	165	200	198	32	32	
39121	131	1	16	0	0	0	32	
39152	165	200	198	32	32	
39162	365	10	255	255	1	0	
39222	131	1	16	0	0	0	32	
39251	165	200	198	32	32	
39322	131	1	16	0	0	0	32	
39352	165	200	198	32	32	
39372	3E5	0	0	0	0	0	0	
39383	1E5	63	54	66	63	72	0	3	
39422	131	1	16	0	0	0	32	
39434	325	0	11	0	
39452	165	200	198	32	32	
39522	131	1	16	0	0	0	32	
39553	3A5	6	255	255	0	128	128	
39554	165	200	198	32	32	
39622	131	1	16	0	0	0	32	
39652	165	200	198	32	32	
39662	365	10	255	255	1	0	
39723	131	1	16	0	0	0	32	
39752	165	200	198	32	32	
39823	131	1	16	0	0	0	32	
39824	2E5	0	0	0	0	
39853	165	200	198	32	32	
39873	3E5	0	0	0	0	0	0	
39882	1E5	63	54	66	63	72	0	3	
39922	131	1	16	0	0	0	32	
39933	325	0	11	0	
39952	165	200	198	32	32	
40023	131	1	16	0	0	0	32	
40052	3A5	6	255	255	0	128	128	
40054	165	200	198	32	32	
40080	A4	16	44	32	0	136	6	66	66	
40082	9F	48	0	10	
40091	A4	33	66	66	66	66	66	66	66	
40103	A4	34	66	66	66	66	66	66	66	
40114	A4	35	66	66	66	66	0	0	0	
40123	131	1	16	0	0	0	32	
40125	A4	36	0	0	0	0	0	0	0	
40135	A4	37	0	0	0	0	0	0	0	
40146	A4	38	0	0	0	
40153	165	200	198	32	32	
40163	365	10	255	255	1	0	
40222	131	1	16	0	0	0	32	
40252	165	200	198	32	32	
40323	131	1	16	0	0	0	32	
40352	165	200	198	32	32	
40373	3E5	0	0	0	0	0	0	
40383	1E5	63	54	66	63	72	0	3	
40423	131	1	16	0	0	0	32	
40434	325	0	11	0	
40453	165	200	198	32	32	
40522	131	1	16	0	0	0	32	
40553	3A5	6	255	255	0	1	128	
40554	165	200	198	32	32	
40623	131	1	16	0	0	0	32	
40652	165	200	198	32	32	
40663	365	10	255	255	1	0	
40723	131	1	16	0	0	0	32	
40753	165	200	198	32	32	
40823	131	1	16	0	0	0	32	
40824	2E5	0	0	0	0	
40853	165	200	198	32	32	
40873	3E5	0	0	0	0	0	0	
40884	1E5	63	54	66	63	72	0	3	
40923	131	1	16	0	0	0	32	
40935	325	0	11	0	
40953	165	200	198	32	32	
41023	131	1	16	0	0	0	32	
41053	3A5	6	255	255	0	1	128	
41055	165	200	198	32	32	
41123	131	1	16	0	0	0	32	
41153	165	200	198	32	32	
41163	365	10	255	255	1	0	
41223	131	1	16	0	0	0	32	
41253	165	200	198	32	32	
41323	131	1	16	0	0	0	32	
41353	165	200	198	32	32	
41373	3E5	0	0	0	0	0	0	
41384	1E5	63	54	66	63	72	0	3	
41423	131	1	16	0	0	0	32	
41436	325	0	11	0	
41453	165	200	198	32	32	
41524	131	1	16	0	0	0	32	
41553	3A5	6	255	255	0	2	128	
41554	165	200	198	32	32	
41623	131	1	16	0	0	0	32	
41653	165	200	198	32	32	
41663	365	10	255	255	1	0	
41723	131	1	16	0	0	0	32	
41753	165	200	198	32	32	
41824	131	1	16	0	0	0	32	
41825	2E5	0	0	0	0	
41853	165	200	198	32	32	
41874	3E5	0	0	0	0	0	0	
41886	1E5	63	54	66	63	72	0	3	
41923	131	1	16	0	0	0	32	
41936	325	0	11	0	
41954	165	200	198	32	32	
42023	131	1	16	0	0	0	32	
42054	3A5	6	255	255	0	2	128	
42055	165	200	198	32	32	
42124	131	1	16	0	0	0	32	
42153	165	200	198	32	32	
42164	365	10	255	255	1	0	
42224	131	1	16	0	0	0	32	
42254	165	200	198	32	32	
42323	131	1	16	0	0	0	32	
42354	165	200	198	32	32	
42374	3E5	0	0	0	0	0	0	
42384	1E5	63	54	66	63	72	0	3	
42424	131	1	16	0	0	0	32	
42435	325	0	11	0	
42454	165	200	198	32	32	
42524	131	1	16	0	0	0	32	
42554	3A5	6	255	255	0	3	0	
42555	165	200	198	32	32	
42625	131	1	16	0	0	0	32	
42654	165	200	198	32	32	
42663	365	10	255	255	1	0	
42724	131	1	16	0	0	0	32	
42754	165	200	198	32	32	
42824	131	1	16	0	0	0	32	
42825	2E5	0	0	0	0	
42854	165	200	198	32	32	
42874	3E5	0	0	0	0	0	0	
42885	1E5	63	54	66	63	72	0	3	
42925	131	1	16	0	0	0	32	
42936	325	0	11	0	
42954	165	200	198	32	32	
43024	131	1	16	0	0	0	32	
43055	3A5	6	255	255	0	3	0	
43056	165	200	198	32	32	
43124	131	1	16	0	0	0	32	
43154	165	200	198	32	32	
43164	365	10	255	255	1	0	
43197	A4	4	0	0	0	7	
43199	3A5	6	255	255	255	127	0	
43225	131	1	16	0	0	0	32	
43235	3A5	7	255	255	255	127	128	
43254	165	200	198	32	32	
43325	131	1	16	0	0	0	32	
43355	165	200	198	32	32	
43374	3E5	0	0	0	0	0	0	
43386	1E5	63	54	66	63	72	0	3	
43424	131	1	16	0	0	0	32	
43436	325	0	11	0	
43454	165	200	198	32	32	
43525	131	1	16	0	0	0	32	
43554	165	200	198	32	32	
43625	131	1	16	0	0	0	32	
43655	165	200	198	32	32	
43665	365	10	255	255	1	0	
43724	131	1	16	0	0	0	32	
43735	3A5	7	255	255	255	127	128	
43755	165	200	198	32	32	
43825	131	1	16	0	0	0	32	
43826	2E5	0	0	0	0	
43854	165	200	198	32	32	
43875	3E5	0	0	0	0	0	0	
43885	1E5	63	54	66	63	72	0	3	
43925	131	1	16	0	0	0	32	
43935	325	0	11	0	
43955	165	200	198	32	32	
44025	131	1	16	0	0	0	32	
44055	165	200	198	32	32	
44125	131	1	16	0	0	0	32	
44154	165	200	198	32	32	
44165	365	10	255	255	1	0	
44225	131	1	16	0	0	0	32	
44235	3A5	7	255	255	0	128	128	
44255	165	200	198	32	32	
44325	131	1	16	0	0	0	32	
44355	165	200	198	32	32	
44376	3E5	0	0	0	0	0	0	
44385	1E5	63	54	66	63	72	0	3	
44425	131	1	16	0	0	0	32	
44436	325	0	11	0	
44455	165	200	198	32	32	
44525	131	1	16	0	0	0	32	
44555	165	200	198	32	32	
44625	131	1	16	0	0	0	32	
44655	165	200	198	32	32	
44665	365	10	255	255	1	0	
44726	131	1	16	0	0	0	32	
44735	3A5	7	255	255	0	128	128	
44755	165	200	198	32	32	
44825	131	1	16	0	0	0	32	
44826	2E5	0	0	0	0	
44855	165	200	198	32	32	
44875	3E5	0	0	0	0	0	0	
44886	1E5	63	54	66	63	72	0	3	
44925	131	1	16	0	0	0	32	
44936	325	0	11	0	
44955	165	200	198	32	32	
45026	131	1	16	0	0	0	32	
45056	165	200	198	32	32	
45125	131	1	16	0	0	0	32	
45156	165	200	198	32	32	
45165	365	10	255	255	1	0	
45222	A4	16	44	32	0	136	7	52	50	
45224	9F	48	0	10	
45225	131	1	16	0	0	0	32	
45234	A4	33	46	77	80	51	0	0	0	
45236	3A5	7	255	255	0	128	128	
45245	A4	34	0	0	0	0	0	0	0	
45256	A4	35	0	0	0	0	0	0	0	
45257	165	200	198	32	32	
45266	A4	36	0	0	0	0	0	0	0	
45278	A4	37	0	0	0	0	0	0	0	
45289	A4	38	0	0	0	
45326	131	1	16	0	0	0	32	
45356	165	200	198	32	32	
45376	3E5	0	0	0	0	0	0	
45385	1E5	63	54	66	63	72	0	3	
45426	131	1	16	0	0	0	32	
45436	325	0	11	0	
45456	165	200	198	32	32	
45526	131	1	16	0	0	0	32	
45555	165	200	198	32	32	
45626	131	1	16	0	0	0	32	
45656	165	200	198	32	32	
45666	365	10	255	255	1	0	
45726	131	1	16	0	0	0	32	
45735	3A5	7	255	255	0	1	128	
45756	165	200	198	32	32	
45826	131	1	16	0	0	0	32	
45828	2E5	0	0	0	0	
45856	165	200	198	32	32	
45876	3E5	0	0	0	0	0	0	
45886	1E5	63	54	66	63	72	0	3	
45926	131	1	16	0	0	0	32	
45936	325	0	11	0	
45956	165	200	198	32	32	
46026	131	1	16	0	0	0	32	
46056	165	200	198	32	32	
46127	131	1	16	0	0	0	32	