при старте из сна несколько раз (7-8)
возможно будит BSI
1056		0	0	

HU на любом источнике раз в секунду, пока не энергосбережение
даже если магнитола выключена
1312		1	0	0	0	0	0	0	0	

при старте магнитолы один раз
Info about radio HW/SW
1504		32	16	9	8	80	2	32	34	

наши буквы
164	4	0	0	0	19	 - возможно please wait


164	16	44	32	0	88	19	49	57	
164	33	0	0	0	0	0	0	0	
164	34	0	0	0	0	0	0	0	
164	35	0	0	0	0	77	97	110	буквы имя трека
164	36	117	32	67	104	97	111	32	
164	37	45	32	82	117	109	98	97	
164	38	32	68	101	

164	16	68	16	0	0	0	84	104	
164	33	101	32	82	111	108	108	105	
164	34	110	103	32	83	116	111	110	
164	35	101	115	32	45	32	68	111	буквы rds
164	36	110	39	116	32	83	116	111	
164	37	112	32	64	32	82	79	67	
164	38	75	32	70	77	32	57	53	
164	39	46	50	32	32	45	32	32	
164	40	32	32	32	32	32	32	32	
164	41	32	32	32	32	32	32	


трек лист один раз при включении (возможно если есть)
293	1	0	


293	6	0	0	0	0	0	0	(при пропадании листа)


сам лист:
293	6	112	255	0	0	0	0	
293	16	166	112	32	18	65	255	0	
293	33	49	57	0	0	0	0	0	
293	34	0	0	0	0	0	0	0	
293	35	0	0	0	0	0	0	77	
293	36	97	110	117	32	67	104	97	
293	37	111	32	45	32	82	117	109	
293	38	98	97	32	68	101	50	48	
293	39	0	0	0	0	0	0	0	
293	40	0	0	0	0	0	0	0	
293	41	0	0	0	0	77	97	110	
293	42	117	32	67	104	97	111	32	
293	43	45	32	76	97	32	68	101	
293	44	115	112	101	50	49	0	0	
293	45	0	0	0	0	0	0	0	
293	46	0	0	0	0	0	0	0	
293	47	0	0	77	97	110	117	32	
293	32	67	104	97	111	32	45	32	
293	33	77	97	108	97	32	86	105	
293	34	100	50	50	0	0	0	0	
293	35	0	0	0	0	0	0	0	
293	36	0	0	0	0	0	0	0	
293	37	77	97	110	117	32	67	104	
293	38	97	111	32	45	32	82	97	
293	39	100	105	111	32	66	101	




чейнджер, счет в каменны часто (периодичность высокая)

305	1	16	0	0	0	32	
(скрипач нинужен)

Source status 
357	200	192	32	0	 (32 - track, 16 - radio уже описан, долбит нормально (approx 10 bps)

показать громкость (описан в таблице периодичен)
421	3	


периодический инфа о радиотексте (описан в таблице)
480	0	0	162	0	160	



периодический 500мс баланс и прочая хуйня, в таблице есть
485	63	63	63	63	72	0	3	

периодический радио частота (есть в таблице)
549	48	32	16	3	136	


RDS \ распарено немножко в таблице
613	128	0	0	11	

RDS буквы название станции  (RDS title (ASCII-encoded)) периодический
677	82	79	67	75	32	70	77	32	

радио, раз в секунду, всегда нули, пока не спит (даже если голова выкл) (возможно часть хартбита)
741	0	0	0	0	


cd tray info периодический
805	0	9	0	
9 - на радио и ауксе
11 - на сидюке если диск есть
нули если диска нет
так же это таки иконка (3 и 11 - play, 10 - stop, 12/13 - ff / rew probably)

cd disk info (тип и прочее), периодический, описан
869	32	255	255	0	0	
869	255	255	255	0	0	
869	255	255	255	255	0	
 - первый байт  - кол-во треков. 


номер трека, минута секунда, етц, описан в таблице (периодический)
933	1	255	255	0	45	0	

периодические кнопки  (раз в секунду)
997	0	0	0	0	0	0	




